heads[0].det[0] : -2.000000,6.000000
heads[0].det[1] : 2.000000,6.000000

heads[1].det[0] : 6.000000,2.000002
heads[1].det[1] : 6.000000,-1.999998

heads[2].det[0] : 2.000004,-5.999999
heads[2].det[1] : -1.999996,-6.000001

heads[3].det[0] : -5.999999,-2.000006
heads[3].det[1] : -6.000001,1.999994

